Test 01... FAILED
Zapytanie wysłane do przetworzenia przez serwer:
0000000  50  32  50
          2       2
0000003
Dane zwrócone przez serwer:
0000000  52  10
          4  \n
0000002
Poprawna odpowiedź:
0000000  52
          4
0000001

Test 02... FAILED
Zapytanie wysłane do przetworzenia przez serwer:
0000000  55  50  32  50  56  48  32  49  51  32  48  32  50  53  32  51
          7   2       2   8   0       1   3       0       2   5       3
0000016
Dane zwrócone przez serwer:
0000000  51  57  51  10
          3   9   3  \n
0000004
Poprawna odpowiedź:
0000000  51  57  51
          3   9   3
0000003

Test 03... FAILED
Zapytanie wysłane do przetworzenia przez serwer:
0000000  48  32  49  32  50  32  51  32  52  32  53  32  54  32  55  32
          0       1       2       3       4       5       6       7    
0000016  56  32  57  32  49  48  32  49  49  32  49  50  32  49  51  32
          8       9       1   0       1   1       1   2       1   3    
0000032  49  52  32  49  53  32  49  54  32  49  55  32  49  56  32  49
          1   4       1   5       1   6       1   7       1   8       1
0000048  57  32  50  48  32  50  49  32  50  50  32  50  51  32  50  52
          9       2   0       2   1       2   2       2   3       2   4
0000064  32  50  53  32  50  54  32  50  55  32  50  56  32  50  57  32
              2   5       2   6       2   7       2   8       2   9    
0000080  51  48  32  51  49  32  51  50  32  51  51  32  51  52  32  51
          3   0       3   1       3   2       3   3       3   4       3
0000096  53  32  51  54  32  51  55  32  51  56  32  51  57  32  52  48
          5       3   6       3   7       3   8       3   9       4   0
0000112  32  52  49  32  52  50  32  52  51  32  52  52  32  52  53  32
              4   1       4   2       4   3       4   4       4   5    
0000128  52  54  32  52  55  32  52  56  32  52  57  32  53  48  32  53
          4   6       4   7       4   8       4   9       5   0       5
0000144  49  32  53  50  32  53  51  32  53  52  32  53  53  32  53  54
          1       5   2       5   3       5   4       5   5       5   6
0000160  32  53  55  32  53  56  32  53  57  32  54  48  32  54  49  32
              5   7       5   8       5   9       6   0       6   1    
0000176  54  50  32  54  51  32  54  52  32  54  53  32  54  54  32  54
          6   2       6   3       6   4       6   5       6   6       6
0000192  55  32  54  56  32  54  57  32  55  48  32  55  49  32  55  50
          7       6   8       6   9       7   0       7   1       7   2
0000208  32  55  51  32  55  52  32  55  53  32  55  54  32  55  55  32
              7   3       7   4       7   5       7   6       7   7    
0000224  55  56  32  55  57  32  56  48  32  56  49  32  56  50  32  56
          7   8       7   9       8   0       8   1       8   2       8
0000240  51  32  56  52  32  56  53  32  56  54  32  56  55  32  56  56
          3       8   4       8   5       8   6       8   7       8   8
0000256  32  56  57  32  57  48  32  57  49  32  57  50  32  57  51  32
              8   9       9   0       9   1       9   2       9   3    
0000272  57  52  32  57  53  32  57  54  32  57  55  32  57  56  32  57
          9   4       9   5       9   6       9   7       9   8       9
0000288  57  32  49  48  48  32  49  48  49  32  49  48  50  32  49  48
          9       1   0   0       1   0   1       1   0   2       1   0
0000304  51  32  49  48  52  32  49  48  53  32  49  48  54  32  49  48
          3       1   0   4       1   0   5       1   0   6       1   0
0000320  55  32  49  48  56  32  49  48  57  32  49  49  48  32  49  49
          7       1   0   8       1   0   9       1   1   0       1   1
0000336  49  32  49  49  50  32  49  49  51  32  49  49  52  32  49  49
          1       1   1   2       1   1   3       1   1   4       1   1
0000352  53  32  49  49  54  32  49  49  55  32  49  49  56  32  49  49
          5       1   1   6       1   1   7       1   1   8       1   1
0000368  57  32  49  50  48  32  49  50  49  32  49  50  50  32  49  50
          9       1   2   0       1   2   1       1   2   2       1   2
0000384  51  32  49  50  52  32  49  50  53  32  49  50  54  32  49  50
          3       1   2   4       1   2   5       1   2   6       1   2
0000400  55  32  49  50  56  32  49  50  57  32  49  51  48  32  49  51
          7       1   2   8       1   2   9       1   3   0       1   3
0000416  49  32  49  51  50  32  49  51  51  32  49  51  52  32  49  51
          1       1   3   2       1   3   3       1   3   4       1   3
0000432  53  32  49  51  54  32  49  51  55  32  49  51  56  32  49  51
          5       1   3   6       1   3   7       1   3   8       1   3
0000448  57  32  49  52  48  32  49  52  49  32  49  52  50  32  49  52
          9       1   4   0       1   4   1       1   4   2       1   4
0000464  51  32  49  52  52  32  49  52  53  32  49  52  54  32  49  52
          3       1   4   4       1   4   5       1   4   6       1   4
0000480  55  32  49  52  56  32  49  52  57  32  49  53  48  32  49  53
          7       1   4   8       1   4   9       1   5   0       1   5
0000496  49  32  49  53  50  32  49  53  51  32  49  53  52  32  49  53
          1       1   5   2       1   5   3       1   5   4       1   5
0000512  53  32  49  53  54  32  49  53  55  32  49  53  56  32  49  53
          5       1   5   6       1   5   7       1   5   8       1   5
0000528  57  32  49  54  48  32  49  54  49  32  49  54  50  32  49  54
          9       1   6   0       1   6   1       1   6   2       1   6
0000544  51  32  49  54  52  32  49  54  53  32  49  54  54  32  49  54
          3       1   6   4       1   6   5       1   6   6       1   6
0000560  55  32  49  54  56  32  49  54  57  32  49  55  48  32  49  55
          7       1   6   8       1   6   9       1   7   0       1   7
0000576  49  32  49  55  50  32  49  55  51  32  49  55  52  32  49  55
          1       1   7   2       1   7   3       1   7   4       1   7
0000592  53  32  49  55  54  32  49  55  55  32  49  55  56  32  49  55
          5       1   7   6       1   7   7       1   7   8       1   7
0000608  57  32  49  56  48  32  49  56  49  32  49  56  50  32  49  56
          9       1   8   0       1   8   1       1   8   2       1   8
0000624  51  32  49  56  52  32  49  56  53  32  49  56  54  32  49  56
          3       1   8   4       1   8   5       1   8   6       1   8
0000640  55  32  49  56  56  32  49  56  57  32  49  57  48  32  49  57
          7       1   8   8       1   8   9       1   9   0       1   9
0000656  49  32  49  57  50  32  49  57  51  32  49  57  52  32  49  57
          1       1   9   2       1   9   3       1   9   4       1   9
0000672  53  32  49  57  54  32  49  57  55  32  49  57  56  32  49  57
          5       1   9   6       1   9   7       1   9   8       1   9
0000688  57  32  50  48  48  32  50  48  49  32  50  48  50  32  50  48
          9       2   0   0       2   0   1       2   0   2       2   0
0000704  51  32  50  48  52  32  50  48  53  32  50  48  54  32  50  48
          3       2   0   4       2   0   5       2   0   6       2   0
0000720  55  32  50  48  56  32  50  48  57  32  50  49  48  32  50  49
          7       2   0   8       2   0   9       2   1   0       2   1
0000736  49  32  50  49  50  32  50  49  51  32  50  49  52  32  50  49
          1       2   1   2       2   1   3       2   1   4       2   1
0000752  53  32  50  49  54  32  50  49  55  32  50  49  56  32  50  49
          5       2   1   6       2   1   7       2   1   8       2   1
0000768  57  32  50  50  48  32  50  50  49  32  50  50  50  32  50  50
          9       2   2   0       2   2   1       2   2   2       2   2
0000784  51  32  50  50  52  32  50  50  53  32  50  50  54  32  50  50
          3       2   2   4       2   2   5       2   2   6       2   2
0000800  55  32  50  50  56  32  50  50  57  32  50  51  48  32  50  51
          7       2   2   8       2   2   9       2   3   0       2   3
0000816  49  32  50  51  50  32  50  51  51  32  50  51  52  32  50  51
          1       2   3   2       2   3   3       2   3   4       2   3
0000832  53  32  50  51  54  32  50  51  55  32  50  51  56  32  50  51
          5       2   3   6       2   3   7       2   3   8       2   3
0000848  57  32  50  52  48  32  50  52  49  32  50  52  50  32  50  52
          9       2   4   0       2   4   1       2   4   2       2   4
0000864  51  32  50  52  52  32  50  52  53  32  50  52  54  32  50  52
          3       2   4   4       2   4   5       2   4   6       2   4
0000880  55  32  50  52  56  32  50  52  57  32  50  53  48
          7       2   4   8       2   4   9       2   5   0
0000893
Dane zwrócone przez serwer:
0000000  51  49  51  55  53  10
          3   1   3   7   5  \n
0000006
Poprawna odpowiedź:
0000000  51  49  51  55  53
          3   1   3   7   5
0000005

Test 04... FAILED
Zapytanie wysłane do przetworzenia przez serwer:
0000000  49  48  49  32  48  50  48  50  32  48  48  51  48  51  32  49
          1   0   1       0   2   0   2       0   0   3   0   3       1
0000016  55
          7
0000017
Dane zwrócone przez serwer:
0000000  54  50  51  10
          6   2   3  \n
0000004
Poprawna odpowiedź:
0000000  54  50  51
          6   2   3
0000003

Test 05... FAILED
Zapytanie wysłane do przetworzenia przez serwer:
0000000  52  49  55
          4   1   7
0000003
Dane zwrócone przez serwer:
0000000  52  49  55  10
          4   1   7  \n
0000004
Poprawna odpowiedź:
0000000  52  49  55
          4   1   7
0000003

Test 11... OK
Test 12... OK
Test 13... OK
Test 14... FAILED
Zapytanie wysłane do przetworzenia przez serwer:
0000000  50  32  50   0  50
          2       2  \0   2
0000005
Dane zwrócone przez serwer:
0000000  52  10
          4  \n
0000002
Poprawna odpowiedź:
0000000  69  82  82  79  82
          E   R   R   O   R
0000005

Test 15... OK
Test 16... OK
Test 17... OK
Test 18... OK
Test 19... OK
Test 31... OK (udp-test-31-out.2)
Test 32... OK (udp-test-32-out.2)
Test 33... OK (udp-test-33-out.2)
Test 34... OK (udp-test-34-out.2)
Test 35... OK (udp-test-35-out.2)
Test 36... OK (udp-test-36-out.2)
Test 41... FAILED
Zapytanie wysłane do przetworzenia przez serwer:
0000000  50  32  50  10
          2       2  \n
0000004
Dane zwrócone przez serwer:
0000000  52  10
          4  \n
0000002
Dopuszczalne odpowiedzi:
0000000  69  82  82  79  82
          E   R   R   O   R
0000005
0000000  52
          4
0000001
0000000  52  13  10
          4  \r  \n
0000003

Test 42... FAILED
Zapytanie wysłane do przetworzenia przez serwer:
0000000  50  32  50  13  10
          2       2  \r  \n
0000005
Dane zwrócone przez serwer:
0000000  52  10
          4  \n
0000002
Dopuszczalne odpowiedzi:
0000000  69  82  82  79  82
          E   R   R   O   R
0000005
0000000  52
          4
0000001
0000000  52  13  10
          4  \r  \n
0000003

Test 43... OK (udp-test-43-out.1)
Test 44... OK (udp-test-44-out.1)
Test 45... FAILED
Zapytanie wysłane do przetworzenia przez serwer:
0000000  32  55  50  32  50  56  48  32  32  32  49  51  32  48  32  32
              7   2       2   8   0               1   3       0        
0000016  50  53  32  32  51  32  32  32  32  32
          2   5           3                    
0000026
Dane zwrócone przez serwer:
0000000  51  57  51  10
          3   9   3  \n
0000004
Dopuszczalne odpowiedzi:
0000000  69  82  82  79  82
          E   R   R   O   R
0000005
0000000  51  57  51
          3   9   3
0000003

Test 46... FAILED
Zapytanie wysłane do przetworzenia przez serwer:
0000000  32  55  50  32  50  56  48  32  32  32  49  51  32  48  32  32
              7   2       2   8   0               1   3       0        
0000016  50  53  32  32  51  32  32  32  32  32  13  10
          2   5           3                      \r  \n
0000028
Dane zwrócone przez serwer:
0000000  51  57  51  10
          3   9   3  \n
0000004
Dopuszczalne odpowiedzi:
0000000  69  82  82  79  82
          E   R   R   O   R
0000005
0000000  69  82  82  79  82  13  10
          E   R   R   O   R  \r  \n
0000007
0000000  51  57  51
          3   9   3
0000003
0000000  51  57  51  13  10
          3   9   3  \r  \n
0000005


Komunikaty wypisane przez uruchomiony serwer:
odczytano: 2 2
odczytano: 72 280 13 0 25 3
odczytano: 0 1 2 3 4 5 6 7 8 9 10 11 12 13 14 15 16 17 18 19 20 21 22 23 24 25 26 27 28 29 30 31 32 33 34 35 36 37 38 39 40 41 42 43 44 45 46 47 48 49 50 51 52 53 54 55 56 57 58 59 60 61 62 63 64 65 66 67 68 69 70 71 72 73 74 75 76 77 78 79 80 81 82 83 84 85 86 87 88 89 90 91 92 93 94 95 96 97 98 99 100 101 102 103 104 105 106 107 108 109 110 111 112 113 114 115 116 117 118 119 120 121 122 123 124 125 126 127 128 129 130 131 132 133 134 135 136 137 138 139 140 141 142 143 144 145 146 147 148 149 150 151 152 153 154 155 156 157 158 159 160 161 162 163 164 165 166 167 168 169 170 171 172 173 174 175 176 177 178 179 180 181 182 183 184 185 186 187 188 189 190 191 192 193 194 195 196 197 198 199 200 201 202 203 204 205 206 207 208 209 210 211 212 213 214 215 216 217 218 219 220 221 222 223 224 225 226 227 228 229 230 231 232 233 234 235 236 237 238 239 240 241 242 243 244 245 246 247 248 249 250
odczytano: 101 0202 00303 17
odczytano: 417
Otrzymane znaki nie sa cyframi
Otrzymane znaki nie sa cyframi
Otrzymane znaki nie sa cyframi
odczytano: 2 2
Otrzymane znaki nie sa cyframi
Otrzymane znaki nie sa cyframi
odczytano: 9223372036854775800 9223372036854775800 9223372036854775800
OVERFLOW
odczytano: 18446744073709551616
Przekroczono zakres long podczas konwersji
OVERFLOW
Otrzymane znaki nie sa cyframi
odczytano: 1073741800 1073741800 1073741800
OVERFLOW
odczytano: 2147483648
OVERFLOW
odczytano: 2147483600 2147483600 2147483600
OVERFLOW
odczytano: 4294967296
OVERFLOW
odczytano: 4611686018427387900 4611686018427387900 4611686018427387900
OVERFLOW
odczytano: 9223372036854775808
Przekroczono zakres long podczas konwersji
OVERFLOW
odczytano: 2 2

odczytano: 2 2

Otrzymany datagram jest pusty
Otrzymane znaki nie sa cyframi
odczytano:  72 280   13 0  25  3     
odczytano:  72 280   13 0  25  3     

